0 0.212 0.547 0.135 0.133
0 0.146 0.207 0.1 0.102
0 0.09 0.295 0.082 0.082
0 0.328 0.381 0.098 0.098
0 0.554 0.067 0.1 0.1
0 0.955 0.14 0.09 0.096
0 0.828 0.384 0.094 0.096
0 0.689 0.303 0.078 0.078
0 0.428 0.708 0.105 0.107
0 0.491 0.628 0.096 0.096
0 0.68 0.59 0.098 0.098
0 0.056 0.799 0.111 0.113
0 0.077 0.512 0.127 0.125
0 0.039 0.606 0.078 0.1
0 0.716 0.442 0.092 0.092
0 0.774 0.513 0.1 0.1
0 0.231 0.072 0.104 0.105
0 0.096 0.055 0.098 0.098
0 0.673 0.741 0.092 0.092
0 0.452 0.938 0.107 0.107
0 0.192 0.865 0.104 0.105
0 0.384 0.8 0.1 0.1
0 0.896 0.463 0.082 0.082
0 0.803 0.203 0.102 0.102
0 0.965 0.652 0.07 0.094
0 0.961 0.322 0.078 0.094
