0 0.159 0.519 0.068 0.068
0 0.063 0.562 0.072 0.072
0 0.037 0.691 0.074 0.082
0 0.308 0.565 0.084 0.084
0 0.247 0.771 0.115 0.113
0 0.159 0.655 0.092 0.092
0 0.262 0.611 0.086 0.086
0 0.193 0.896 0.094 0.092
0 0.324 0.91 0.098 0.098
0 0.665 0.53 0.107 0.107
0 0.921 0.791 0.096 0.098
0 0.234 0.193 0.074 0.074
0 0.286 0.167 0.076 0.076
0 0.634 0.676 0.084 0.086
0 0.802 0.655 0.076 0.076
0 0.403 0.329 0.084 0.084
0 0.405 0.641 0.076 0.074
0 0.469 0.56 0.074 0.072
0 0.143 0.093 0.086 0.088
0 0.051 0.171 0.098 0.1
