0 0.289 0.13 0.086 0.084
0 0.392 0.218 0.088 0.088
0 0.134 0.333 0.076 0.076
0 0.261 0.262 0.084 0.082
0 0.358 0.326 0.084 0.086
0 0.799 0.429 0.102 0.1
0 0.896 0.385 0.062 0.062
0 0.818 0.626 0.094 0.092
0 0.209 0.797 0.082 0.082
0 0.141 0.872 0.086 0.084
0 0.574 0.196 0.078 0.08
0 0.599 0.042 0.088 0.084
0 0.115 0.16 0.078 0.078
0 0.13 0.042 0.064 0.064
0 0.031 0.282 0.062 0.076
0 0.312 0.588 0.082 0.082
0 0.949 0.757 0.09 0.092
0 0.74 0.193 0.074 0.074
0 0.943 0.236 0.078 0.078
0 0.634 0.642 0.096 0.096
0 0.474 0.452 0.072 0.072
0 0.213 0.49 0.082 0.082
0 0.069 0.469 0.08 0.082
