0 0.048 0.05 0.096 0.1
0 0.119 0.164 0.086 0.086
0 0.047 0.344 0.094 0.094
0 0.239 0.313 0.088 0.088
0 0.083 0.612 0.111 0.111
0 0.571 0.41 0.119 0.121
0 0.515 0.547 0.123 0.121
0 0.439 0.677 0.094 0.092
0 0.28 0.544 0.111 0.111
0 0.414 0.331 0.09 0.092
0 0.634 0.28 0.092 0.092
0 0.82 0.361 0.09 0.09
0 0.597 0.867 0.092 0.09
0 0.12 0.799 0.092 0.094
0 0.369 0.036 0.078 0.072
0 0.303 0.15 0.066 0.066
0 0.27 0.226 0.094 0.096
0 0.787 0.049 0.098 0.098
0 0.54 0.043 0.088 0.086
0 0.965 0.106 0.07 0.08
0 0.932 0.521 0.109 0.109
0 0.845 0.759 0.123 0.123
0 0.755 0.486 0.068 0.07
0 0.726 0.543 0.064 0.066
0 0.666 0.631 0.086 0.086
0 0.137 0.445 0.09 0.09
0 0.201 0.391 0.117 0.117
0 0.489 0.184 0.076 0.074
