0 0.092 0.152 0.102 0.102
0 0.254 0.24 0.098 0.098
0 0.103 0.607 0.104 0.102
0 0.056 0.771 0.084 0.084
0 0.355 0.354 0.094 0.094
0 0.269 0.632 0.1 0.1
0 0.211 0.83 0.102 0.102
0 0.43 0.659 0.082 0.084
0 0.481 0.562 0.088 0.086
0 0.652 0.434 0.086 0.086
0 0.591 0.223 0.076 0.078
0 0.804 0.157 0.104 0.104
0 0.852 0.405 0.094 0.092
0 0.902 0.297 0.109 0.109
0 0.947 0.166 0.105 0.105
0 0.544 0.753 0.096 0.096
0 0.409 0.772 0.076 0.076
0 0.684 0.835 0.09 0.088
0 0.74 0.738 0.094 0.094
0 0.962 0.558 0.076 0.076
0 0.586 0.664 0.082 0.082
0 0.574 0.59 0.09 0.09
0 0.147 0.452 0.096 0.096
0 0.041 0.339 0.082 0.092
0 0.816 0.844 0.102 0.102
0 0.784 0.94 0.076 0.076
0 0.914 0.752 0.09 0.09
0 0.712 0.312 0.076 0.078
0 0.393 0.143 0.082 0.082
