0 0.206 0.104 0.127 0.125
0 0.309 0.162 0.105 0.105
0 0.146 0.275 0.107 0.109
0 0.244 0.375 0.113 0.113
0 0.37 0.362 0.115 0.115
0 0.524 0.336 0.119 0.117
0 0.684 0.277 0.105 0.105
0 0.518 0.115 0.094 0.094
0 0.651 0.541 0.143 0.145
0 0.175 0.587 0.1 0.1
0 0.435 0.441 0.092 0.09
0 0.246 0.73 0.117 0.117
0 0.416 0.771 0.105 0.107
0 0.577 0.718 0.096 0.096
0 0.853 0.366 0.1 0.1
0 0.903 0.485 0.1 0.1
0 0.674 0.089 0.082 0.084
0 0.913 0.179 0.127 0.127
0 0.762 0.169 0.109 0.107
0 0.758 0.855 0.105 0.105
0 0.728 0.412 0.107 0.105
0 0.188 0.903 0.115 0.115
0 0.043 0.738 0.086 0.098
0 0.083 0.472 0.092 0.092
0 0.367 0.576 0.105 0.105
0 0.632 0.952 0.107 0.096
0 0.957 0.616 0.086 0.096
