0 0.328 0.123 0.133 0.133
0 0.178 0.284 0.105 0.104
0 0.354 0.267 0.107 0.107
0 0.488 0.159 0.105 0.107
0 0.365 0.406 0.113 0.113
0 0.043 0.378 0.086 0.096
0 0.221 0.602 0.113 0.113
0 0.304 0.784 0.123 0.123
0 0.15 0.768 0.117 0.117
0 0.562 0.501 0.115 0.115
0 0.649 0.614 0.1 0.1
0 0.188 0.947 0.111 0.105
0 0.521 0.84 0.113 0.113
0 0.482 0.738 0.113 0.113
0 0.813 0.033 0.088 0.066
0 0.813 0.304 0.088 0.088
0 0.878 0.134 0.096 0.096
0 0.064 0.559 0.102 0.102
0 0.157 0.109 0.088 0.09
0 0.369 0.937 0.117 0.115
