0 0.45 0.499 0.08 0.08
0 0.533 0.408 0.102 0.102
0 0.635 0.332 0.109 0.109
0 0.492 0.188 0.074 0.076
0 0.224 0.128 0.111 0.111
0 0.125 0.281 0.09 0.09
0 0.292 0.271 0.104 0.104
0 0.336 0.365 0.066 0.066
0 0.722 0.577 0.096 0.096
0 0.847 0.585 0.1 0.1
0 0.947 0.436 0.09 0.09
0 0.731 0.241 0.084 0.084
0 0.843 0.3 0.104 0.104
0 0.889 0.125 0.102 0.102
0 0.033 0.566 0.066 0.066
0 0.146 0.721 0.123 0.125
0 0.353 0.86 0.084 0.084
0 0.688 0.954 0.094 0.092
0 0.947 0.734 0.098 0.098
0 0.515 0.81 0.088 0.088
0 0.664 0.137 0.102 0.102
0 0.087 0.399 0.084 0.084
0 0.163 0.069 0.076 0.076
0 0.104 0.889 0.102 0.102
0 0.97 0.585 0.061 0.088
0 0.963 0.312 0.074 0.084
