0 0.315 0.263 0.111 0.111
0 0.136 0.46 0.119 0.119
0 0.533 0.053 0.102 0.102
0 0.499 0.337 0.104 0.104
0 0.643 0.311 0.098 0.098
0 0.716 0.113 0.096 0.094
0 0.564 0.519 0.117 0.119
0 0.36 0.481 0.107 0.107
0 0.358 0.601 0.119 0.119
0 0.117 0.632 0.137 0.135
0 0.047 0.754 0.094 0.102
0 0.153 0.922 0.104 0.102
0 0.761 0.728 0.096 0.096
0 0.885 0.734 0.117 0.117
0 0.707 0.613 0.102 0.102
0 0.751 0.463 0.111 0.113
0 0.449 0.939 0.098 0.098
0 0.908 0.854 0.098 0.096
0 0.913 0.966 0.092 0.068
0 0.411 0.083 0.084 0.084
0 0.134 0.175 0.1 0.1
0 0.214 0.771 0.107 0.109
0 0.572 0.691 0.094 0.094
