0 0.041 0.32 0.082 0.082
0 0.158 0.256 0.082 0.082
0 0.251 0.251 0.08 0.08
0 0.344 0.215 0.082 0.082
0 0.475 0.235 0.078 0.08
0 0.633 0.266 0.094 0.094
0 0.807 0.347 0.09 0.092
0 0.075 0.586 0.068 0.066
0 0.223 0.576 0.082 0.082
0 0.416 0.488 0.098 0.098
0 0.598 0.517 0.105 0.107
0 0.709 0.572 0.094 0.094
0 0.785 0.623 0.09 0.09
0 0.922 0.697 0.082 0.082
0 0.284 0.777 0.088 0.09
0 0.148 0.916 0.066 0.066
0 0.516 0.852 0.09 0.09
0 0.646 0.83 0.09 0.09
0 0.661 0.906 0.084 0.082
0 0.82 0.937 0.09 0.088
0 0.955 0.412 0.078 0.078
0 0.978 0.087 0.045 0.064
