0 0.227 0.732 0.125 0.125
0 0.348 0.604 0.09 0.088
0 0.429 0.5 0.1 0.102
0 0.492 0.446 0.09 0.092
0 0.561 0.286 0.082 0.08
0 0.803 0.045 0.082 0.082
0 0.416 0.045 0.094 0.09
0 0.36 0.09 0.068 0.07
0 0.224 0.263 0.104 0.104
0 0.116 0.353 0.084 0.084
0 0.073 0.434 0.096 0.094
0 0.675 0.701 0.092 0.09
0 0.491 0.885 0.1 0.102
0 0.958 0.768 0.084 0.086
0 0.951 0.295 0.094 0.094
0 0.711 0.574 0.066 0.066
0 0.654 0.254 0.07 0.07
0 0.319 0.243 0.068 0.068
0 0.15 0.863 0.062 0.062
0 0.102 0.911 0.074 0.076
0 0.857 0.379 0.066 0.066
0 0.761 0.623 0.057 0.055
0 0.584 0.226 0.051 0.053
0 0.321 0.683 0.068 0.068
0 0.288 0.624 0.064 0.064
0 0.669 0.138 0.076 0.076
0 0.971 0.209 0.059 0.059
