0 0.476 0.112 0.092 0.092
0 0.381 0.24 0.07 0.07
0 0.195 0.295 0.066 0.066
0 0.093 0.171 0.076 0.076
0 0.03 0.088 0.061 0.066
0 0.225 0.463 0.082 0.082
0 0.14 0.614 0.068 0.068
0 0.377 0.429 0.082 0.08
0 0.296 0.543 0.088 0.086
0 0.232 0.658 0.066 0.066
0 0.165 0.769 0.072 0.072
0 0.041 0.764 0.082 0.082
0 0.635 0.285 0.07 0.07
0 0.549 0.413 0.074 0.072
0 0.434 0.556 0.07 0.072
0 0.321 0.745 0.072 0.072
0 0.332 0.904 0.086 0.086
0 0.595 0.913 0.076 0.076
0 0.831 0.73 0.08 0.082
0 0.854 0.363 0.068 0.07
0 0.568 0.736 0.078 0.078
0 0.303 0.133 0.07 0.07
0 0.616 0.138 0.072 0.072
0 0.778 0.271 0.076 0.078
0 0.946 0.4 0.072 0.074
0 0.035 0.373 0.07 0.074
0 0.478 0.91 0.068 0.07
0 0.743 0.666 0.072 0.07
