0 0.211 0.082 0.102 0.102
0 0.067 0.138 0.088 0.088
0 0.323 0.077 0.088 0.088
0 0.466 0.065 0.092 0.092
0 0.438 0.169 0.096 0.096
0 0.306 0.188 0.096 0.096
0 0.297 0.312 0.086 0.084
0 0.292 0.442 0.088 0.088
0 0.289 0.572 0.098 0.098
0 0.286 0.7 0.08 0.08
0 0.297 0.822 0.102 0.102
0 0.176 0.478 0.09 0.092
0 0.046 0.589 0.092 0.1
0 0.112 0.343 0.072 0.072
0 0.578 0.225 0.094 0.094
0 0.625 0.052 0.09 0.092
0 0.722 0.212 0.092 0.092
0 0.766 0.071 0.094 0.096
0 0.696 0.317 0.084 0.084
0 0.685 0.414 0.107 0.109
0 0.699 0.553 0.105 0.105
0 0.729 0.738 0.098 0.098
0 0.576 0.569 0.086 0.084
0 0.563 0.316 0.076 0.078
0 0.552 0.376 0.068 0.068
0 0.559 0.452 0.09 0.092
0 0.43 0.488 0.102 0.102
0 0.424 0.596 0.102 0.102
0 0.446 0.717 0.104 0.105
0 0.478 0.869 0.084 0.086
0 0.902 0.104 0.09 0.092
0 0.859 0.195 0.098 0.098
0 0.828 0.328 0.082 0.082
0 0.826 0.385 0.078 0.078
0 0.817 0.447 0.092 0.094
0 0.812 0.562 0.098 0.096
0 0.824 0.654 0.082 0.082
0 0.863 0.799 0.098 0.098
0 0.769 0.892 0.1 0.1
0 0.033 0.238 0.066 0.074
0 0.175 0.809 0.076 0.078
0 0.603 0.722 0.104 0.104
0 0.496 0.971 0.09 0.059
0 0.923 0.936 0.08 0.082
0 0.962 0.389 0.076 0.09
0 0.972 0.718 0.057 0.08
0 0.967 0.795 0.066 0.086
0 0.415 0.366 0.088 0.088
0 0.099 0.931 0.064 0.064
