0 0.81 0.317 0.111 0.111
0 0.654 0.367 0.07 0.07
0 0.596 0.333 0.074 0.072
0 0.475 0.429 0.074 0.072
0 0.564 0.495 0.074 0.072
0 0.625 0.51 0.09 0.09
0 0.644 0.569 0.072 0.072
0 0.555 0.69 0.098 0.1
0 0.429 0.782 0.064 0.064
0 0.469 0.854 0.082 0.082
0 0.522 0.929 0.1 0.1
0 0.271 0.524 0.084 0.084
0 0.269 0.604 0.08 0.08
0 0.298 0.722 0.104 0.104
0 0.167 0.846 0.096 0.098
0 0.135 0.682 0.109 0.109
0 0.109 0.525 0.09 0.09
0 0.133 0.385 0.09 0.09
0 0.176 0.28 0.086 0.088
0 0.283 0.252 0.066 0.066
0 0.279 0.379 0.074 0.074
0 0.359 0.425 0.078 0.076
0 0.41 0.514 0.07 0.07
0 0.396 0.657 0.096 0.096
0 0.783 0.086 0.09 0.09
0 0.385 0.109 0.074 0.074
0 0.424 0.076 0.082 0.082
0 0.825 0.829 0.088 0.088
0 0.902 0.939 0.098 0.098
0 0.757 0.961 0.096 0.078
0 0.619 0.792 0.09 0.088
0 0.655 0.862 0.08 0.08
0 0.044 0.906 0.088 0.094
0 0.623 0.177 0.109 0.111
0 0.794 0.482 0.08 0.078
0 0.849 0.616 0.088 0.088
0 0.678 0.631 0.09 0.09
0 0.364 0.95 0.1 0.1
0 0.484 0.616 0.074 0.076
0 0.847 0.134 0.076 0.076
0 0.317 0.103 0.076 0.076
0 0.259 0.117 0.064 0.062
