0 0.521 0.461 0.098 0.098
0 0.668 0.433 0.066 0.068
0 0.827 0.406 0.084 0.082
0 0.418 0.642 0.09 0.092
0 0.499 0.642 0.088 0.088
0 0.824 0.576 0.07 0.07
0 0.239 0.704 0.088 0.088
0 0.111 0.767 0.098 0.1
0 0.327 0.486 0.088 0.086
0 0.408 0.395 0.066 0.066
0 0.198 0.563 0.076 0.076
0 0.135 0.416 0.07 0.07
0 0.584 0.808 0.094 0.096
0 0.832 0.74 0.102 0.102
0 0.71 0.949 0.084 0.086
0 0.954 0.725 0.092 0.094
0 0.821 0.922 0.084 0.082
0 0.443 0.831 0.074 0.076
0 0.956 0.887 0.076 0.078
0 0.317 0.69 0.076 0.076
0 0.693 0.767 0.09 0.088
0 0.944 0.372 0.092 0.092
0 0.692 0.579 0.068 0.068
0 0.263 0.494 0.064 0.066
0 0.283 0.318 0.086 0.086
