0 0.666 0.258 0.082 0.082
0 0.338 0.467 0.086 0.086
0 0.685 0.381 0.088 0.086
0 0.85 0.348 0.094 0.094
0 0.147 0.565 0.08 0.08
0 0.07 0.463 0.086 0.086
0 0.052 0.358 0.08 0.08
0 0.812 0.084 0.078 0.078
0 0.724 0.239 0.072 0.072
0 0.076 0.775 0.078 0.078
0 0.28 0.646 0.08 0.08
0 0.353 0.621 0.076 0.078
0 0.436 0.587 0.074 0.076
0 0.536 0.554 0.088 0.088
0 0.659 0.513 0.084 0.084
0 0.945 0.49 0.078 0.078
0 0.886 0.493 0.072 0.072
0 0.634 0.687 0.08 0.08
0 0.858 0.787 0.08 0.078
0 0.765 0.79 0.088 0.088
0 0.668 0.821 0.09 0.088
0 0.478 0.842 0.072 0.07
0 0.398 0.864 0.078 0.08
0 0.276 0.948 0.08 0.08
0 0.255 0.825 0.064 0.064
0 0.505 0.704 0.076 0.076
0 0.539 0.811 0.066 0.066
0 0.503 0.936 0.072 0.07
0 0.752 0.947 0.078 0.078
0 0.848 0.916 0.09 0.09
0 0.787 0.654 0.074 0.074
0 0.472 0.258 0.072 0.074
0 0.81 0.206 0.076 0.076
0 0.146 0.893 0.074 0.074
0 0.488 0.398 0.066 0.066
0 0.164 0.279 0.059 0.059
0 0.929 0.621 0.068 0.07
0 0.972 0.908 0.057 0.062
