0 0.593 0.382 0.088 0.088
0 0.708 0.149 0.096 0.096
0 0.853 0.204 0.084 0.084
0 0.954 0.04 0.072 0.072
0 0.694 0.571 0.096 0.096
0 0.619 0.732 0.102 0.102
0 0.066 0.637 0.098 0.098
0 0.172 0.429 0.086 0.084
0 0.395 0.815 0.094 0.096
0 0.203 0.8 0.152 0.15
0 0.319 0.423 0.096 0.096
0 0.489 0.168 0.1 0.102
0 0.461 0.297 0.113 0.113
0 0.291 0.605 0.082 0.082
0 0.292 0.663 0.084 0.084
0 0.848 0.631 0.105 0.105
0 0.909 0.5 0.119 0.117
0 0.535 0.945 0.102 0.102
0 0.771 0.378 0.107 0.107
0 0.949 0.385 0.09 0.09
0 0.704 0.9 0.104 0.102
