0 0.319 0.179 0.072 0.072
0 0.447 0.094 0.074 0.074
0 0.197 0.266 0.09 0.09
0 0.13 0.474 0.064 0.064
0 0.377 0.278 0.074 0.072
0 0.431 0.405 0.092 0.092
0 0.35 0.471 0.062 0.062
0 0.616 0.287 0.084 0.082
0 0.889 0.201 0.078 0.078
0 0.1 0.679 0.074 0.076
0 0.033 0.739 0.066 0.072
0 0.365 0.624 0.078 0.076
0 0.588 0.451 0.086 0.086
0 0.49 0.54 0.082 0.08
0 0.273 0.693 0.074 0.074
0 0.219 0.729 0.074 0.074
0 0.139 0.812 0.074 0.074
0 0.18 0.938 0.074 0.076
0 0.609 0.621 0.086 0.086
0 0.501 0.676 0.084 0.086
0 0.577 0.786 0.076 0.076
0 0.728 0.86 0.072 0.072
0 0.891 0.838 0.074 0.074
0 0.093 0.198 0.072 0.072
0 0.087 0.103 0.053 0.053
0 0.48 0.217 0.062 0.062
0 0.308 0.486 0.061 0.062
0 0.51 0.83 0.062 0.062
0 0.461 0.867 0.051 0.051
0 0.241 0.88 0.072 0.072
0 0.899 0.667 0.072 0.072
0 0.938 0.48 0.07 0.07
0 0.698 0.254 0.064 0.062
0 0.95 0.04 0.072 0.072
0 0.888 0.343 0.068 0.068
0 0.826 0.38 0.074 0.076
0 0.649 0.9 0.061 0.059
0 0.209 0.582 0.074 0.074
0 0.663 0.726 0.068 0.068
0 0.803 0.848 0.062 0.062
0 0.977 0.85 0.047 0.062
0 0.973 0.612 0.055 0.068
0 0.589 0.946 0.072 0.072
0 0.249 0.366 0.064 0.064
