0 0.295 0.064 0.082 0.082
0 0.578 0.183 0.074 0.076
0 0.869 0.367 0.074 0.074
0 0.905 0.239 0.084 0.084
0 0.152 0.186 0.078 0.078
0 0.374 0.24 0.076 0.074
0 0.609 0.339 0.078 0.08
0 0.346 0.373 0.082 0.082
0 0.198 0.329 0.088 0.088
0 0.472 0.409 0.076 0.076
0 0.657 0.505 0.092 0.092
0 0.568 0.452 0.09 0.092
0 0.041 0.466 0.082 0.084
0 0.219 0.469 0.07 0.07
0 0.739 0.704 0.084 0.084
0 0.435 0.671 0.092 0.092
0 0.31 0.49 0.076 0.074
0 0.461 0.27 0.082 0.082
0 0.674 0.231 0.074 0.072
0 0.771 0.139 0.064 0.066
0 0.099 0.601 0.068 0.068
0 0.193 0.582 0.074 0.074
0 0.324 0.63 0.078 0.076
0 0.061 0.726 0.066 0.068
0 0.184 0.743 0.078 0.076
0 0.343 0.779 0.076 0.078
0 0.126 0.88 0.076 0.076
0 0.271 0.924 0.064 0.066
0 0.367 0.953 0.082 0.082
0 0.827 0.959 0.096 0.082
0 0.548 0.734 0.08 0.082
0 0.905 0.849 0.076 0.076
0 0.648 0.802 0.07 0.072
0 0.936 0.564 0.078 0.078
0 0.76 0.868 0.07 0.068
