0 0.476 0.204 0.076 0.076
0 0.565 0.119 0.08 0.082
0 0.543 0.301 0.094 0.094
0 0.604 0.366 0.07 0.072
0 0.66 0.204 0.082 0.08
0 0.749 0.528 0.088 0.088
0 0.169 0.106 0.084 0.084
0 0.302 0.433 0.096 0.096
0 0.211 0.33 0.09 0.09
0 0.54 0.524 0.076 0.076
0 0.389 0.524 0.09 0.088
0 0.278 0.575 0.08 0.08
0 0.374 0.677 0.08 0.08
0 0.162 0.455 0.086 0.086
0 0.049 0.354 0.094 0.094
0 0.066 0.538 0.09 0.092
0 0.084 0.699 0.078 0.078
0 0.037 0.799 0.074 0.09
0 0.547 0.709 0.078 0.078
0 0.661 0.652 0.076 0.078
0 0.472 0.805 0.088 0.086
0 0.211 0.852 0.082 0.082
0 0.446 0.413 0.064 0.064
0 0.459 0.612 0.074 0.076
0 0.323 0.048 0.076 0.076
0 0.353 0.861 0.076 0.078
0 0.754 0.757 0.074 0.076
0 0.137 0.958 0.07 0.072
0 0.684 0.477 0.078 0.078
0 0.192 0.662 0.08 0.078
0 0.282 0.769 0.08 0.08
0 0.652 0.829 0.086 0.088
0 0.734 0.971 0.078 0.059
0 0.555 0.896 0.086 0.086
