0 0.171 0.151 0.088 0.088
0 0.24 0.068 0.086 0.086
0 0.174 0.322 0.09 0.09
0 0.249 0.257 0.088 0.088
0 0.055 0.344 0.094 0.094
0 0.185 0.485 0.1 0.1
0 0.258 0.415 0.074 0.076
0 0.312 0.387 0.076 0.074
0 0.396 0.303 0.094 0.094
0 0.443 0.246 0.062 0.062
0 0.533 0.189 0.078 0.078
0 0.473 0.208 0.074 0.076
0 0.585 0.112 0.076 0.076
0 0.673 0.084 0.084 0.086
0 0.746 0.057 0.07 0.07
0 0.769 0.213 0.084 0.086
0 0.721 0.275 0.07 0.07
0 0.841 0.19 0.092 0.092
0 0.586 0.334 0.074 0.074
0 0.656 0.272 0.082 0.08
0 0.508 0.401 0.086 0.084
0 0.416 0.503 0.086 0.084
0 0.323 0.588 0.084 0.086
0 0.264 0.672 0.074 0.074
0 0.491 0.618 0.072 0.072
0 0.628 0.49 0.088 0.086
0 0.438 0.662 0.068 0.07
0 0.239 0.899 0.08 0.08
0 0.314 0.828 0.066 0.066
0 0.409 0.722 0.061 0.061
0 0.379 0.767 0.074 0.072
0 0.195 0.758 0.07 0.07
0 0.147 0.807 0.068 0.066
0 0.052 0.933 0.068 0.068
0 0.803 0.561 0.078 0.078
0 0.708 0.606 0.061 0.061
0 0.624 0.67 0.076 0.074
0 0.58 0.716 0.082 0.084
0 0.459 0.857 0.086 0.086
0 0.514 0.943 0.074 0.074
0 0.715 0.804 0.082 0.08
0 0.791 0.762 0.078 0.078
0 0.843 0.786 0.076 0.076
0 0.91 0.608 0.078 0.08
0 0.743 0.412 0.072 0.074
0 0.469 0.037 0.082 0.074
0 0.807 0.026 0.07 0.053
0 0.908 0.026 0.07 0.053
0 0.852 0.967 0.066 0.066
0 0.872 0.923 0.08 0.08
0 0.642 0.835 0.088 0.088
0 0.14 0.552 0.084 0.084
