0 0.51 0.348 0.098 0.098
0 0.579 0.22 0.08 0.08
0 0.608 0.124 0.088 0.088
0 0.728 0.037 0.08 0.074
0 0.783 0.104 0.086 0.088
0 0.904 0.258 0.102 0.102
0 0.548 0.064 0.076 0.074
0 0.417 0.237 0.076 0.076
0 0.631 0.302 0.082 0.084
0 0.339 0.372 0.1 0.1
0 0.255 0.319 0.084 0.084
0 0.593 0.448 0.072 0.072
0 0.544 0.632 0.064 0.064
0 0.213 0.729 0.094 0.092
0 0.155 0.669 0.088 0.088
0 0.291 0.537 0.082 0.082
0 0.714 0.628 0.08 0.08
0 0.654 0.533 0.078 0.078
0 0.775 0.495 0.066 0.064
0 0.88 0.438 0.08 0.078
0 0.922 0.505 0.074 0.072
0 0.965 0.583 0.07 0.072
0 0.785 0.752 0.078 0.078
0 0.874 0.683 0.076 0.076
0 0.901 0.731 0.076 0.076
0 0.893 0.945 0.07 0.07
0 0.427 0.695 0.084 0.086
0 0.425 0.455 0.08 0.082
0 0.404 0.085 0.082 0.084
0 0.908 0.063 0.066 0.064
0 0.967 0.127 0.066 0.07
0 0.17 0.24 0.086 0.086
0 0.191 0.082 0.086 0.086
0 0.368 0.878 0.08 0.08
0 0.129 0.887 0.082 0.082
0 0.373 0.612 0.078 0.08
0 0.611 0.71 0.062 0.064
0 0.607 0.877 0.09 0.09
0 0.521 0.802 0.072 0.072
0 0.078 0.578 0.074 0.074
0 0.223 0.477 0.078 0.078
0 0.665 0.149 0.064 0.064
0 0.698 0.186 0.064 0.062
0 0.814 0.34 0.07 0.07
0 0.968 0.308 0.064 0.068
0 0.862 0.202 0.068 0.068
0 0.928 0.799 0.086 0.086
0 0.724 0.92 0.08 0.078
