0 0.556 0.292 0.084 0.084
0 0.807 0.47 0.082 0.084
0 0.576 0.432 0.082 0.082
0 0.668 0.516 0.102 0.102
0 0.382 0.304 0.096 0.096
0 0.252 0.391 0.09 0.09
0 0.135 0.318 0.074 0.074
0 0.49 0.549 0.074 0.074
0 0.374 0.459 0.1 0.098
0 0.062 0.434 0.092 0.09
0 0.664 0.888 0.09 0.092
0 0.888 0.89 0.1 0.1
0 0.49 0.951 0.098 0.098
0 0.183 0.776 0.084 0.084
0 0.136 0.892 0.092 0.092
0 0.136 0.602 0.084 0.086
0 0.557 0.602 0.078 0.078
0 0.54 0.778 0.096 0.096
0 0.256 0.966 0.105 0.068
0 0.047 0.963 0.094 0.074
0 0.367 0.773 0.07 0.07
0 0.474 0.37 0.088 0.088
0 0.943 0.75 0.102 0.102
0 0.659 0.688 0.131 0.131
0 0.426 0.699 0.082 0.082
0 0.027 0.252 0.055 0.082
0 0.831 0.634 0.076 0.076
