0 0.247 0.149 0.131 0.131
0 0.156 0.265 0.102 0.1
0 0.072 0.437 0.109 0.111
0 0.344 0.354 0.105 0.105
0 0.282 0.437 0.119 0.119
0 0.218 0.632 0.119 0.119
0 0.171 0.781 0.111 0.113
0 0.467 0.484 0.113 0.113
0 0.401 0.584 0.111 0.109
0 0.297 0.861 0.117 0.117
0 0.257 0.955 0.092 0.09
0 0.616 0.11 0.111 0.111
0 0.784 0.043 0.1 0.086
0 0.818 0.271 0.125 0.123
0 0.887 0.125 0.117 0.117
0 0.706 0.567 0.111 0.111
0 0.518 0.665 0.102 0.1
0 0.464 0.789 0.107 0.109
0 0.889 0.555 0.113 0.113
0 0.9 0.415 0.102 0.104
0 0.823 0.655 0.104 0.104
0 0.667 0.729 0.111 0.113
0 0.8 0.774 0.127 0.127
0 0.757 0.913 0.111 0.111
0 0.368 0.285 0.096 0.094
0 0.958 0.306 0.084 0.119
0 0.874 0.952 0.115 0.096
0 0.531 0.314 0.078 0.078
0 0.601 0.43 0.088 0.09
0 0.633 0.804 0.09 0.088
