0 0.27 0.249 0.07 0.072
0 0.323 0.141 0.061 0.062
0 0.363 0.041 0.062 0.062
0 0.508 0.043 0.074 0.074
0 0.436 0.16 0.074 0.074
0 0.32 0.375 0.066 0.066
0 0.179 0.413 0.068 0.068
0 0.386 0.477 0.076 0.078
0 0.434 0.378 0.078 0.08
0 0.516 0.253 0.078 0.08
0 0.582 0.145 0.074 0.074
0 0.642 0.053 0.068 0.07
0 0.729 0.178 0.078 0.078
0 0.649 0.265 0.068 0.068
0 0.611 0.354 0.074 0.074
0 0.549 0.408 0.066 0.066
0 0.501 0.492 0.084 0.086
0 0.413 0.6 0.068 0.07
0 0.336 0.674 0.07 0.07
0 0.227 0.553 0.074 0.074
0 0.283 0.786 0.074 0.072
0 0.879 0.243 0.07 0.068
0 0.791 0.331 0.07 0.072
0 0.729 0.413 0.068 0.068
0 0.66 0.518 0.07 0.07
0 0.617 0.586 0.074 0.074
0 0.494 0.752 0.07 0.07
0 0.44 0.837 0.08 0.08
0 0.353 0.965 0.061 0.062
0 0.928 0.396 0.062 0.062
0 0.763 0.61 0.084 0.084
0 0.703 0.738 0.07 0.07
0 0.615 0.849 0.082 0.08
0 0.564 0.949 0.086 0.086
0 0.196 0.133 0.084 0.086
0 0.042 0.128 0.08 0.08
0 0.089 0.79 0.076 0.076
0 0.199 0.903 0.078 0.076
0 0.929 0.646 0.08 0.08
0 0.884 0.725 0.084 0.082
0 0.803 0.86 0.082 0.08
0 0.746 0.855 0.09 0.09
0 0.97 0.833 0.061 0.072
0 0.923 0.933 0.076 0.076
0 0.741 0.971 0.064 0.059
0 0.685 0.974 0.064 0.053
0 0.036 0.429 0.061 0.061
