0 0.476 0.175 0.08 0.08
0 0.562 0.132 0.076 0.076
0 0.294 0.101 0.084 0.084
0 0.086 0.05 0.086 0.088
0 0.122 0.212 0.08 0.08
0 0.44 0.034 0.064 0.064
0 0.82 0.115 0.074 0.074
0 0.916 0.137 0.078 0.078
0 0.712 0.255 0.076 0.076
0 0.479 0.318 0.082 0.082
0 0.381 0.383 0.078 0.078
0 0.327 0.426 0.076 0.074
0 0.244 0.487 0.086 0.088
0 0.171 0.545 0.08 0.082
0 0.118 0.624 0.076 0.076
0 0.036 0.722 0.068 0.068
0 0.085 0.896 0.072 0.074
0 0.191 0.751 0.074 0.076
0 0.246 0.686 0.07 0.07
0 0.32 0.601 0.082 0.084
0 0.396 0.553 0.074 0.074
0 0.568 0.444 0.078 0.08
0 0.646 0.412 0.086 0.086
0 0.738 0.405 0.062 0.064
0 0.831 0.406 0.064 0.066
0 0.934 0.412 0.078 0.078
0 0.942 0.53 0.072 0.072
0 0.867 0.558 0.074 0.072
0 0.726 0.566 0.08 0.078
0 0.649 0.595 0.08 0.08
0 0.527 0.636 0.082 0.08
0 0.365 0.772 0.062 0.061
0 0.417 0.72 0.064 0.064
0 0.308 0.838 0.076 0.074
0 0.271 0.903 0.084 0.084
0 0.224 0.952 0.061 0.061
0 0.445 0.936 0.066 0.066
0 0.541 0.849 0.07 0.068
0 0.619 0.781 0.098 0.098
0 0.733 0.708 0.072 0.072
0 0.79 0.714 0.072 0.072
0 0.753 0.806 0.072 0.072
0 0.762 0.912 0.082 0.082
0 0.687 0.966 0.084 0.068
0 0.881 0.968 0.07 0.064
0 0.96 0.958 0.061 0.061
0 0.303 0.266 0.086 0.086
0 0.352 0.227 0.062 0.062
0 0.21 0.317 0.057 0.057
0 0.132 0.396 0.064 0.064
0 0.222 0.132 0.064 0.064
