0 0.17 0.042 0.09 0.084
0 0.133 0.098 0.074 0.074
0 0.063 0.212 0.072 0.072
0 0.161 0.353 0.088 0.088
0 0.234 0.229 0.074 0.074
0 0.286 0.122 0.08 0.08
0 0.09 0.487 0.078 0.076
0 0.055 0.596 0.086 0.086
0 0.146 0.809 0.086 0.086
0 0.174 0.697 0.094 0.094
0 0.219 0.6 0.086 0.086
0 0.255 0.511 0.092 0.092
0 0.394 0.257 0.08 0.08
0 0.448 0.188 0.076 0.076
0 0.507 0.108 0.072 0.072
0 0.576 0.045 0.07 0.07
0 0.243 0.956 0.08 0.08
0 0.291 0.819 0.082 0.084
0 0.332 0.693 0.094 0.094
0 0.38 0.576 0.088 0.086
0 0.429 0.471 0.084 0.082
0 0.62 0.462 0.088 0.088
0 0.496 0.668 0.086 0.086
0 0.449 0.777 0.09 0.09
0 0.418 0.869 0.086 0.086
0 0.623 0.77 0.094 0.094
0 0.572 0.882 0.082 0.084
0 0.516 0.965 0.074 0.07
0 0.825 0.729 0.08 0.082
0 0.743 0.818 0.08 0.078
0 0.889 0.896 0.09 0.09
0 0.91 0.494 0.086 0.086
0 0.973 0.493 0.055 0.068
0 0.845 0.297 0.096 0.094
0 0.744 0.32 0.078 0.078
0 0.718 0.38 0.072 0.072
0 0.684 0.164 0.082 0.082
0 0.781 0.112 0.074 0.072
0 0.882 0.094 0.068 0.07
0 0.582 0.249 0.09 0.088
0 0.323 0.362 0.08 0.08
0 0.549 0.48 0.082 0.082
0 0.952 0.779 0.096 0.098
0 0.954 0.871 0.076 0.074
