0 0.138 0.11 0.08 0.08
0 0.288 0.173 0.076 0.076
0 0.394 0.216 0.072 0.072
0 0.505 0.287 0.076 0.074
0 0.595 0.355 0.08 0.082
0 0.646 0.418 0.084 0.082
0 0.79 0.595 0.08 0.08
0 0.841 0.749 0.092 0.092
0 0.934 0.851 0.098 0.1
0 0.776 0.882 0.088 0.088
0 0.725 0.734 0.086 0.086
0 0.642 0.651 0.092 0.092
0 0.556 0.548 0.096 0.096
0 0.422 0.391 0.098 0.098
0 0.501 0.476 0.084 0.084
0 0.319 0.304 0.1 0.1
0 0.157 0.237 0.092 0.092
0 0.04 0.204 0.08 0.084
0 0.205 0.396 0.094 0.094
0 0.12 0.349 0.076 0.076
0 0.34 0.493 0.09 0.092
0 0.422 0.588 0.094 0.094
0 0.512 0.702 0.09 0.092
0 0.209 0.572 0.09 0.09
0 0.302 0.679 0.084 0.084
0 0.367 0.763 0.094 0.092
0 0.437 0.849 0.092 0.092
0 0.311 0.863 0.094 0.094
0 0.243 0.787 0.068 0.07
0 0.149 0.838 0.088 0.086
0 0.227 0.908 0.082 0.082
0 0.041 0.632 0.078 0.076
0 0.496 0.125 0.086 0.086
0 0.43 0.063 0.062 0.064
0 0.567 0.187 0.084 0.084
0 0.769 0.368 0.088 0.088
0 0.828 0.439 0.074 0.074
0 0.908 0.531 0.09 0.09
0 0.589 0.031 0.072 0.062
0 0.682 0.095 0.078 0.076
0 0.75 0.156 0.074 0.074
0 0.821 0.214 0.084 0.084
0 0.884 0.296 0.08 0.08
0 0.942 0.356 0.076 0.076
0 0.851 0.071 0.08 0.08
0 0.942 0.147 0.08 0.08
0 0.971 0.582 0.059 0.07
0 0.118 0.489 0.104 0.104
0 0.032 0.08 0.064 0.082
0 0.029 0.761 0.059 0.072
0 0.488 0.964 0.078 0.072
