0 0.24 0.117 0.082 0.082
0 0.151 0.234 0.096 0.094
0 0.096 0.412 0.102 0.102
0 0.093 0.591 0.107 0.107
0 0.284 0.331 0.08 0.08
0 0.257 0.49 0.084 0.082
0 0.265 0.638 0.08 0.08
0 0.293 0.737 0.078 0.076
0 0.516 0.254 0.082 0.082
0 0.643 0.325 0.098 0.1
0 0.708 0.482 0.088 0.086
0 0.506 0.426 0.082 0.082
0 0.527 0.545 0.105 0.105
0 0.751 0.761 0.096 0.096
0 0.728 0.642 0.104 0.104
0 0.688 0.927 0.104 0.104
0 0.688 0.17 0.072 0.07
0 0.713 0.223 0.066 0.066
0 0.899 0.329 0.1 0.1
0 0.825 0.173 0.088 0.088
0 0.182 0.869 0.082 0.082
0 0.028 0.14 0.057 0.08
0 0.572 0.215 0.086 0.086
0 0.508 0.127 0.082 0.082
0 0.914 0.845 0.109 0.107
0 0.384 0.452 0.061 0.061
0 0.441 0.944 0.066 0.068
0 0.41 0.268 0.078 0.078
