0 0.085 0.36 0.076 0.076
0 0.086 0.531 0.086 0.086
0 0.509 0.632 0.092 0.092
0 0.417 0.53 0.092 0.092
0 0.177 0.656 0.076 0.078
0 0.085 0.667 0.072 0.072
0 0.182 0.818 0.074 0.074
0 0.07 0.846 0.07 0.07
0 0.318 0.835 0.098 0.1
0 0.411 0.753 0.084 0.084
0 0.589 0.885 0.084 0.082
0 0.697 0.852 0.086 0.086
0 0.603 0.739 0.072 0.072
0 0.756 0.725 0.082 0.082
0 0.603 0.526 0.068 0.068
0 0.762 0.529 0.078 0.078
0 0.87 0.663 0.076 0.076
0 0.798 0.198 0.088 0.088
0 0.573 0.237 0.084 0.084
0 0.9 0.492 0.078 0.078
0 0.82 0.364 0.062 0.061
0 0.973 0.578 0.055 0.078
0 0.657 0.029 0.061 0.059
0 0.195 0.252 0.062 0.062
0 0.302 0.175 0.08 0.08
0 0.04 0.258 0.072 0.07
