0 0.266 0.18 0.074 0.074
0 0.381 0.127 0.062 0.062
0 0.724 0.182 0.076 0.078
0 0.556 0.367 0.076 0.078
0 0.727 0.283 0.078 0.078
0 0.343 0.474 0.08 0.08
0 0.209 0.705 0.07 0.07
0 0.153 0.745 0.068 0.068
0 0.365 0.589 0.074 0.072
0 0.581 0.614 0.068 0.068
0 0.673 0.552 0.072 0.072
0 0.081 0.956 0.072 0.072
0 0.841 0.602 0.076 0.078
0 0.616 0.743 0.068 0.068
0 0.723 0.672 0.078 0.078
0 0.675 0.835 0.076 0.076
0 0.808 0.761 0.068 0.068
0 0.939 0.693 0.082 0.082
0 0.08 0.51 0.082 0.082
0 0.412 0.892 0.066 0.068
0 0.963 0.827 0.074 0.08
0 0.86 0.882 0.064 0.064
0 0.964 0.966 0.072 0.068
0 0.57 0.919 0.07 0.068
0 0.963 0.432 0.074 0.078
0 0.925 0.569 0.072 0.072
0 0.521 0.032 0.072 0.064
0 0.671 0.069 0.076 0.076
0 0.863 0.23 0.078 0.078
0 0.522 0.511 0.08 0.08
0 0.783 0.5 0.066 0.066
0 0.45 0.41 0.072 0.074
