0 0.271 0.136 0.078 0.076
0 0.503 0.071 0.061 0.061
0 0.642 0.154 0.057 0.059
0 0.245 0.029 0.061 0.059
0 0.176 0.494 0.086 0.086
0 0.349 0.587 0.08 0.08
0 0.653 0.778 0.072 0.072
0 0.602 0.578 0.078 0.078
0 0.491 0.837 0.064 0.064
0 0.133 0.736 0.078 0.078
0 0.251 0.804 0.064 0.064
0 0.456 0.958 0.064 0.064
0 0.839 0.744 0.068 0.066
0 0.84 0.436 0.082 0.082
0 0.554 0.252 0.064 0.066
0 0.945 0.197 0.086 0.086
0 0.335 0.278 0.076 0.076
0 0.131 0.34 0.07 0.07
0 0.053 0.57 0.062 0.062
0 0.046 0.69 0.072 0.072
0 0.077 0.848 0.072 0.074
0 0.169 0.91 0.08 0.078
0 0.288 0.967 0.08 0.066
0 0.713 0.34 0.062 0.062
0 0.464 0.654 0.076 0.078
0 0.896 0.657 0.07 0.068
0 0.878 0.952 0.061 0.061
0 0.694 0.97 0.068 0.061
0 0.568 0.719 0.074 0.074
0 0.763 0.373 0.068 0.066
0 0.558 0.097 0.064 0.064
0 0.94 0.511 0.064 0.064
