0 0.425 0.165 0.072 0.072
0 0.541 0.188 0.066 0.066
0 0.678 0.204 0.086 0.088
0 0.304 0.175 0.08 0.08
0 0.303 0.322 0.09 0.09
0 0.437 0.333 0.084 0.084
0 0.535 0.354 0.094 0.094
0 0.717 0.428 0.094 0.094
0 0.857 0.504 0.074 0.074
0 0.086 0.562 0.066 0.066
0 0.148 0.531 0.102 0.102
0 0.24 0.523 0.086 0.086
0 0.336 0.514 0.086 0.086
0 0.393 0.494 0.055 0.055
0 0.488 0.502 0.062 0.062
0 0.537 0.533 0.059 0.059
0 0.189 0.709 0.094 0.094
0 0.364 0.685 0.1 0.1
0 0.894 0.766 0.08 0.082
0 0.963 0.838 0.074 0.078
0 0.186 0.883 0.105 0.105
0 0.315 0.875 0.1 0.102
0 0.053 0.227 0.082 0.082
0 0.758 0.041 0.066 0.066
0 0.579 0.069 0.064 0.064
0 0.402 0.04 0.066 0.064
0 0.512 0.727 0.188 0.188
0 0.195 0.34 0.102 0.102
0 0.107 0.359 0.078 0.078
0 0.888 0.312 0.092 0.094
0 0.935 0.118 0.111 0.111
0 0.035 0.072 0.07 0.074
0 0.159 0.067 0.088 0.088
0 0.506 0.897 0.055 0.053
0 0.951 0.348 0.062 0.062
0 0.613 0.363 0.055 0.055
