0 0.393 0.057 0.074 0.074
0 0.124 0.039 0.084 0.078
0 0.213 0.219 0.078 0.078
0 0.162 0.336 0.094 0.094
0 0.225 0.396 0.082 0.082
0 0.29 0.446 0.08 0.08
0 0.535 0.365 0.082 0.082
0 0.596 0.419 0.086 0.084
0 0.757 0.21 0.08 0.08
0 0.659 0.12 0.072 0.072
0 0.526 0.169 0.084 0.084
0 0.802 0.075 0.08 0.08
0 0.891 0.166 0.074 0.074
0 0.968 0.26 0.064 0.074
0 0.659 0.47 0.088 0.088
0 0.755 0.578 0.088 0.09
0 0.839 0.651 0.084 0.084
0 0.912 0.739 0.074 0.076
0 0.688 0.713 0.074 0.074
0 0.763 0.786 0.076 0.076
0 0.273 0.585 0.082 0.08
0 0.512 0.748 0.086 0.086
0 0.637 0.889 0.086 0.086
0 0.387 0.854 0.082 0.082
0 0.47 0.938 0.072 0.072
0 0.118 0.708 0.092 0.092
0 0.272 0.94 0.088 0.088
0 0.058 0.922 0.084 0.086
0 0.834 0.859 0.09 0.09
0 0.472 0.476 0.084 0.084
