0 0.308 0.048 0.104 0.096
0 0.199 0.115 0.09 0.09
0 0.132 0.211 0.096 0.098
0 0.186 0.416 0.102 0.102
0 0.316 0.359 0.086 0.086
0 0.519 0.156 0.088 0.09
0 0.618 0.051 0.061 0.059
0 0.755 0.273 0.107 0.105
0 0.875 0.242 0.082 0.082
0 0.508 0.453 0.094 0.094
0 0.788 0.088 0.076 0.074
0 0.067 0.509 0.104 0.104
0 0.112 0.699 0.104 0.105
0 0.156 0.903 0.078 0.08
0 0.21 0.552 0.092 0.092
0 0.246 0.675 0.113 0.115
0 0.306 0.821 0.1 0.1
0 0.401 0.62 0.096 0.096
0 0.44 0.729 0.1 0.102
0 0.496 0.904 0.109 0.109
0 0.716 0.547 0.096 0.094
0 0.754 0.648 0.086 0.086
0 0.664 0.793 0.094 0.094
0 0.906 0.631 0.098 0.098
0 0.844 0.457 0.098 0.098
0 0.958 0.362 0.084 0.088
0 0.357 0.469 0.121 0.121
0 0.031 0.265 0.062 0.064
0 0.717 0.941 0.098 0.098
