0 0.239 0.103 0.076 0.076
0 0.36 0.033 0.084 0.066
0 0.324 0.181 0.086 0.088
0 0.443 0.283 0.078 0.078
0 0.56 0.203 0.076 0.078
0 0.666 0.277 0.09 0.09
0 0.763 0.172 0.068 0.07
0 0.078 0.198 0.109 0.107
0 0.153 0.268 0.092 0.094
0 0.072 0.426 0.078 0.078
0 0.187 0.498 0.111 0.109
0 0.315 0.604 0.064 0.064
0 0.282 0.556 0.076 0.076
0 0.148 0.697 0.074 0.074
0 0.467 0.758 0.082 0.082
0 0.417 0.696 0.088 0.088
0 0.536 0.563 0.064 0.064
0 0.566 0.6 0.082 0.082
0 0.572 0.4 0.062 0.062
0 0.367 0.436 0.082 0.082
0 0.772 0.352 0.08 0.078
0 0.864 0.432 0.08 0.082
0 0.719 0.933 0.082 0.08
0 0.238 0.755 0.059 0.061
0 0.771 0.021 0.07 0.043
0 0.507 0.142 0.076 0.076
0 0.74 0.522 0.078 0.076
0 0.308 0.808 0.057 0.057
0 0.243 0.965 0.08 0.07
