0 0.144 0.134 0.084 0.084
0 0.187 0.273 0.088 0.09
0 0.07 0.376 0.078 0.076
0 0.479 0.145 0.086 0.086
0 0.717 0.113 0.066 0.066
0 0.661 0.197 0.08 0.082
0 0.477 0.342 0.09 0.09
0 0.369 0.484 0.086 0.086
0 0.243 0.437 0.076 0.076
0 0.29 0.388 0.064 0.064
0 0.172 0.637 0.074 0.074
0 0.509 0.491 0.088 0.088
0 0.594 0.411 0.082 0.08
0 0.685 0.335 0.084 0.084
0 0.816 0.207 0.074 0.074
0 0.642 0.533 0.08 0.078
0 0.761 0.43 0.08 0.082
0 0.867 0.326 0.062 0.062
0 0.324 0.663 0.074 0.076
0 0.21 0.781 0.076 0.078
0 0.24 0.888 0.066 0.068
0 0.491 0.803 0.068 0.07
0 0.378 0.909 0.088 0.088
0 0.754 0.845 0.078 0.08
0 0.56 0.875 0.08 0.082
0 0.945 0.412 0.086 0.086
0 0.366 0.239 0.076 0.076
