0 0.165 0.239 0.08 0.08
0 0.226 0.04 0.088 0.08
0 0.287 0.198 0.066 0.064
0 0.353 0.194 0.096 0.096
0 0.584 0.107 0.078 0.078
0 0.729 0.348 0.078 0.078
0 0.302 0.554 0.072 0.072
0 0.478 0.513 0.088 0.088
0 0.206 0.769 0.08 0.08
0 0.332 0.734 0.082 0.082
0 0.541 0.659 0.113 0.115
0 0.805 0.664 0.07 0.07
0 0.746 0.693 0.086 0.086
0 0.676 0.768 0.082 0.082
0 0.611 0.811 0.094 0.094
0 0.387 0.894 0.094 0.092
0 0.3 0.909 0.096 0.096
0 0.514 0.351 0.082 0.08
0 0.169 0.595 0.096 0.096
0 0.226 0.959 0.088 0.082
0 0.895 0.634 0.09 0.088
0 0.625 0.639 0.086 0.086
0 0.049 0.445 0.09 0.09
0 0.693 0.193 0.074 0.074
0 0.811 0.858 0.082 0.084
0 0.889 0.828 0.109 0.109
0 0.065 0.078 0.104 0.102
