0 0.203 0.051 0.105 0.102
0 0.355 0.056 0.094 0.096
0 0.46 0.069 0.1 0.1
0 0.591 0.107 0.084 0.086
0 0.787 0.144 0.082 0.084
0 0.907 0.196 0.096 0.096
0 0.026 0.251 0.053 0.072
0 0.166 0.231 0.086 0.088
0 0.357 0.259 0.078 0.08
0 0.437 0.251 0.08 0.08
0 0.519 0.258 0.096 0.098
0 0.657 0.303 0.107 0.105
0 0.819 0.343 0.1 0.1
0 0.112 0.405 0.08 0.08
0 0.355 0.413 0.098 0.1
0 0.12 0.587 0.1 0.1
0 0.26 0.592 0.102 0.102
0 0.39 0.592 0.1 0.098
0 0.51 0.605 0.098 0.098
0 0.756 0.717 0.113 0.113
0 0.845 0.775 0.092 0.094
0 0.369 0.799 0.105 0.105
0 0.229 0.775 0.086 0.086
0 0.127 0.793 0.09 0.09
0 0.965 0.615 0.07 0.07
0 0.888 0.388 0.092 0.092
0 0.108 0.962 0.084 0.076
