0 0.05 0.146 0.072 0.074
0 0.154 0.176 0.078 0.078
0 0.382 0.134 0.092 0.092
0 0.498 0.208 0.098 0.1
0 0.589 0.276 0.084 0.084
0 0.672 0.4 0.109 0.109
0 0.686 0.118 0.105 0.104
0 0.131 0.344 0.09 0.09
0 0.25 0.428 0.09 0.09
0 0.345 0.526 0.104 0.104
0 0.441 0.645 0.078 0.078
0 0.489 0.749 0.088 0.088
0 0.496 0.448 0.09 0.088
0 0.157 0.559 0.1 0.098
0 0.1 0.687 0.098 0.1
0 0.149 0.76 0.107 0.105
0 0.246 0.908 0.09 0.09
0 0.043 0.868 0.086 0.1
0 0.807 0.252 0.102 0.102
0 0.862 0.394 0.111 0.111
0 0.896 0.489 0.129 0.131
0 0.721 0.889 0.098 0.098
0 0.598 0.881 0.082 0.082
0 0.752 0.661 0.117 0.119
0 0.882 0.942 0.107 0.107
0 0.94 0.595 0.096 0.096
0 0.407 0.335 0.088 0.088
0 0.909 0.097 0.096 0.096
0 0.944 0.167 0.076 0.076
0 0.362 0.787 0.088 0.09
0 0.595 0.612 0.088 0.088
