0 0.237 0.225 0.107 0.105
0 0.298 0.324 0.08 0.082
0 0.351 0.384 0.1 0.1
0 0.397 0.505 0.119 0.119
0 0.434 0.615 0.094 0.094
0 0.208 0.51 0.104 0.105
0 0.27 0.637 0.105 0.105
0 0.138 0.763 0.107 0.107
0 0.097 0.632 0.1 0.1
0 0.071 0.345 0.072 0.072
0 0.043 0.29 0.086 0.088
0 0.482 0.237 0.078 0.08
0 0.454 0.199 0.072 0.074
0 0.435 0.099 0.104 0.104
0 0.528 0.321 0.096 0.096
0 0.56 0.452 0.1 0.1
0 0.18 0.882 0.102 0.104
0 0.714 0.406 0.096 0.098
0 0.667 0.692 0.1 0.1
0 0.504 0.812 0.117 0.117
0 0.325 0.771 0.107 0.107
0 0.87 0.801 0.111 0.113
0 0.634 0.072 0.111 0.109
0 0.683 0.134 0.092 0.092
0 0.086 0.033 0.078 0.066
0 0.053 0.496 0.086 0.086
0 0.778 0.247 0.092 0.092
