0 0.237 0.243 0.084 0.084
0 0.398 0.17 0.109 0.109
0 0.323 0.083 0.084 0.084
0 0.72 0.099 0.08 0.08
0 0.862 0.035 0.088 0.07
0 0.295 0.307 0.094 0.094
0 0.1 0.347 0.105 0.107
0 0.205 0.491 0.094 0.092
0 0.464 0.279 0.084 0.082
0 0.583 0.49 0.111 0.109
0 0.397 0.481 0.088 0.088
0 0.297 0.653 0.105 0.107
0 0.105 0.64 0.094 0.096
0 0.89 0.499 0.1 0.1
0 0.92 0.66 0.098 0.098
0 0.582 0.801 0.102 0.102
0 0.373 0.782 0.094 0.092
0 0.611 0.87 0.098 0.096
0 0.945 0.795 0.094 0.094
0 0.969 0.874 0.062 0.088
0 0.042 0.543 0.084 0.09
0 0.563 0.115 0.096 0.094
0 0.935 0.136 0.088 0.088
0 0.775 0.189 0.098 0.098
0 0.43 0.905 0.113 0.115
0 0.661 0.625 0.08 0.082
0 0.738 0.506 0.102 0.102
