0 0.215 0.205 0.098 0.098
0 0.593 0.12 0.104 0.104
0 0.464 0.078 0.084 0.086
0 0.136 0.041 0.084 0.082
0 0.044 0.204 0.088 0.1
0 0.829 0.037 0.084 0.074
0 0.762 0.166 0.082 0.082
0 0.237 0.354 0.08 0.08
0 0.434 0.387 0.086 0.086
0 0.592 0.469 0.086 0.086
0 0.289 0.516 0.074 0.074
0 0.158 0.608 0.09 0.092
0 0.149 0.812 0.076 0.076
0 0.089 0.913 0.104 0.104
0 0.308 0.859 0.084 0.086
0 0.529 0.888 0.09 0.092
0 0.877 0.89 0.094 0.092
0 0.394 0.228 0.096 0.096
0 0.329 0.062 0.084 0.084
0 0.808 0.349 0.084 0.084
0 0.968 0.458 0.064 0.076
0 0.609 0.293 0.082 0.082
