0 0.18 0.115 0.109 0.109
0 0.196 0.287 0.084 0.086
0 0.183 0.521 0.1 0.1
0 0.187 0.671 0.084 0.084
0 0.18 0.885 0.086 0.086
0 0.318 0.449 0.078 0.078
0 0.308 0.62 0.088 0.088
0 0.454 0.046 0.068 0.068
0 0.465 0.205 0.082 0.082
0 0.428 0.411 0.086 0.084
0 0.476 0.838 0.084 0.086
0 0.59 0.199 0.082 0.082
0 0.581 0.378 0.084 0.084
0 0.59 0.548 0.078 0.076
0 0.623 0.839 0.102 0.104
0 0.723 0.094 0.07 0.07
0 0.734 0.266 0.098 0.098
0 0.765 0.444 0.076 0.076
0 0.786 0.776 0.088 0.088
0 0.909 0.884 0.084 0.084
0 0.844 0.131 0.07 0.07
0 0.071 0.534 0.08 0.08
0 0.465 0.668 0.078 0.078
0 0.082 0.383 0.059 0.059
