0 0.34 0.067 0.086 0.088
0 0.102 0.256 0.078 0.078
0 0.627 0.194 0.105 0.104
0 0.638 0.046 0.104 0.092
0 0.188 0.545 0.078 0.078
0 0.098 0.646 0.09 0.09
0 0.325 0.621 0.104 0.102
0 0.243 0.72 0.096 0.096
0 0.165 0.782 0.104 0.104
0 0.131 0.85 0.078 0.078
0 0.61 0.724 0.092 0.092
0 0.463 0.895 0.098 0.098
0 0.366 0.97 0.076 0.061
0 0.787 0.434 0.078 0.078
0 0.893 0.367 0.09 0.09
0 0.943 0.484 0.086 0.086
0 0.893 0.834 0.082 0.082
0 0.772 0.915 0.096 0.096
0 0.682 0.836 0.098 0.098
0 0.567 0.947 0.104 0.105
0 0.73 0.128 0.078 0.08
0 0.854 0.07 0.084 0.082
0 0.924 0.044 0.078 0.076
0 0.958 0.169 0.08 0.08
0 0.849 0.224 0.068 0.068
0 0.69 0.329 0.08 0.08
