0 0.085 0.14 0.092 0.092
0 0.21 0.112 0.084 0.084
0 0.288 0.103 0.08 0.08
0 0.368 0.119 0.084 0.082
0 0.545 0.132 0.086 0.084
0 0.678 0.186 0.09 0.09
0 0.816 0.255 0.086 0.088
0 0.151 0.28 0.076 0.076
0 0.783 0.383 0.082 0.082
0 0.697 0.348 0.09 0.09
0 0.836 0.426 0.074 0.074
0 0.062 0.437 0.082 0.08
0 0.161 0.409 0.096 0.096
0 0.233 0.402 0.076 0.078
0 0.366 0.4 0.088 0.09
0 0.652 0.494 0.082 0.082
0 0.759 0.531 0.076 0.074
0 0.863 0.594 0.086 0.086
0 0.954 0.628 0.076 0.076
0 0.149 0.569 0.08 0.08
0 0.276 0.54 0.076 0.076
0 0.37 0.542 0.096 0.096
0 0.458 0.556 0.084 0.084
0 0.061 0.735 0.09 0.088
0 0.241 0.695 0.084 0.082
0 0.425 0.686 0.104 0.102
0 0.502 0.686 0.078 0.078
0 0.582 0.704 0.078 0.08
0 0.668 0.699 0.094 0.094
0 0.735 0.708 0.076 0.076
0 0.84 0.732 0.082 0.082
0 0.071 0.881 0.084 0.086
0 0.183 0.841 0.092 0.092
0 0.311 0.817 0.086 0.084
0 0.46 0.824 0.076 0.074
0 0.833 0.911 0.076 0.076
0 0.261 0.977 0.068 0.047
0 0.363 0.969 0.082 0.062
0 0.524 0.972 0.072 0.057
0 0.952 0.186 0.096 0.098
0 0.688 0.057 0.066 0.066
0 0.947 0.034 0.062 0.064
0 0.946 0.315 0.088 0.088
