0 0.271 0.187 0.08 0.08
0 0.165 0.147 0.084 0.084
0 0.057 0.094 0.094 0.094
0 0.052 0.246 0.084 0.082
0 0.114 0.271 0.072 0.07
0 0.212 0.028 0.092 0.057
0 0.326 0.07 0.09 0.09
0 0.232 0.344 0.086 0.086
0 0.081 0.409 0.092 0.092
0 0.423 0.438 0.092 0.092
0 0.365 0.254 0.078 0.078
0 0.235 0.493 0.072 0.072
0 0.456 0.618 0.068 0.068
0 0.351 0.567 0.068 0.068
0 0.543 0.484 0.094 0.094
0 0.685 0.566 0.084 0.082
0 0.135 0.571 0.086 0.088
0 0.274 0.653 0.072 0.072
0 0.502 0.791 0.074 0.074
0 0.622 0.854 0.096 0.094
0 0.086 0.71 0.086 0.088
0 0.188 0.772 0.092 0.092
0 0.316 0.855 0.094 0.094
0 0.439 0.916 0.098 0.098
0 0.088 0.891 0.082 0.082
0 0.225 0.959 0.078 0.078
0 0.553 0.032 0.086 0.064
