0 0.143 0.076 0.074 0.074
0 0.476 0.04 0.064 0.064
0 0.222 0.241 0.084 0.084
0 0.486 0.207 0.07 0.07
0 0.188 0.547 0.072 0.074
0 0.664 0.03 0.078 0.061
0 0.755 0.117 0.076 0.074
0 0.697 0.184 0.07 0.07
0 0.645 0.248 0.074 0.074
0 0.576 0.316 0.086 0.086
0 0.427 0.509 0.088 0.088
0 0.297 0.904 0.078 0.078
0 0.698 0.63 0.088 0.088
0 0.836 0.486 0.094 0.094
0 0.892 0.423 0.08 0.08
0 0.707 0.371 0.074 0.074
0 0.644 0.438 0.084 0.084
0 0.839 0.257 0.084 0.084
0 0.78 0.323 0.076 0.076
0 0.896 0.201 0.084 0.082
0 0.979 0.337 0.043 0.057
0 0.871 0.656 0.066 0.066
0 0.97 0.768 0.061 0.066
0 0.908 0.848 0.07 0.07
0 0.214 0.765 0.068 0.068
