0 0.113 0.369 0.102 0.102
0 0.237 0.492 0.084 0.082
0 0.356 0.444 0.096 0.096
0 0.448 0.526 0.076 0.076
0 0.814 0.444 0.094 0.092
0 0.757 0.636 0.072 0.072
0 0.163 0.631 0.084 0.086
0 0.097 0.809 0.08 0.078
0 0.956 0.914 0.088 0.09
0 0.23 0.228 0.086 0.084
0 0.084 0.036 0.086 0.072
0 0.433 0.193 0.096 0.098
0 0.772 0.134 0.107 0.107
0 0.779 0.281 0.078 0.078
0 0.456 0.361 0.08 0.078
0 0.633 0.627 0.078 0.078
0 0.403 0.619 0.068 0.07
0 0.698 0.897 0.092 0.092
0 0.603 0.259 0.061 0.061
0 0.882 0.037 0.076 0.074
0 0.04 0.282 0.076 0.076
