0 0.085 0.337 0.1 0.1
0 0.169 0.286 0.096 0.096
0 0.285 0.439 0.09 0.09
0 0.356 0.394 0.092 0.092
0 0.45 0.322 0.111 0.113
0 0.558 0.265 0.107 0.107
0 0.181 0.708 0.076 0.076
0 0.321 0.62 0.084 0.084
0 0.42 0.537 0.086 0.086
0 0.63 0.613 0.088 0.086
0 0.247 0.827 0.107 0.107
0 0.323 0.761 0.08 0.08
0 0.596 0.442 0.113 0.115
0 0.933 0.478 0.096 0.096
0 0.902 0.653 0.082 0.084
0 0.55 0.64 0.107 0.107
0 0.782 0.695 0.072 0.07
0 0.606 0.782 0.076 0.076
0 0.536 0.82 0.096 0.094
0 0.633 0.931 0.086 0.088
0 0.317 0.939 0.08 0.078
0 0.878 0.967 0.084 0.066
0 0.702 0.145 0.1 0.102
0 0.861 0.344 0.094 0.094
