0 0.239 0.177 0.104 0.104
0 0.174 0.064 0.094 0.094
0 0.165 0.335 0.1 0.1
0 0.235 0.317 0.111 0.111
0 0.328 0.285 0.078 0.078
0 0.405 0.276 0.084 0.084
0 0.508 0.27 0.105 0.105
0 0.622 0.231 0.092 0.092
0 0.839 0.194 0.088 0.088
0 0.202 0.49 0.096 0.098
0 0.439 0.399 0.086 0.084
0 0.073 0.549 0.104 0.102
0 0.621 0.494 0.094 0.094
0 0.767 0.461 0.1 0.102
0 0.202 0.648 0.096 0.094
0 0.19 0.816 0.111 0.113
0 0.056 0.721 0.111 0.113
0 0.547 0.654 0.102 0.102
0 0.49 0.839 0.117 0.115
0 0.604 0.787 0.109 0.109
0 0.766 0.753 0.078 0.08
0 0.94 0.757 0.104 0.104
0 0.262 0.937 0.07 0.068
0 0.315 0.907 0.076 0.076
0 0.392 0.873 0.088 0.09
0 0.93 0.181 0.082 0.08
0 0.906 0.892 0.09 0.088
0 0.569 0.957 0.08 0.078
0 0.776 0.61 0.088 0.088
0 0.859 0.587 0.102 0.104
0 0.286 0.606 0.084 0.084
0 0.482 0.531 0.113 0.113
