0 0.526 0.366 0.092 0.092
0 0.443 0.32 0.102 0.102
0 0.364 0.45 0.096 0.096
0 0.534 0.537 0.064 0.066
0 0.461 0.648 0.09 0.09
0 0.127 0.655 0.09 0.092
0 0.2 0.677 0.08 0.08
0 0.273 0.702 0.105 0.104
0 0.41 0.789 0.109 0.109
0 0.29 0.887 0.104 0.105
0 0.882 0.238 0.1 0.102
0 0.73 0.131 0.105 0.105
0 0.899 0.595 0.084 0.084
0 0.106 0.933 0.072 0.072
0 0.054 0.909 0.092 0.092
0 0.536 0.7 0.088 0.088
0 0.586 0.75 0.082 0.082
0 0.127 0.506 0.078 0.078
0 0.167 0.537 0.088 0.09
0 0.646 0.424 0.096 0.094
0 0.721 0.471 0.094 0.094
0 0.416 0.03 0.094 0.061
0 0.703 0.621 0.113 0.113
0 0.863 0.881 0.09 0.09
