0 0.668 0.176 0.094 0.094
0 0.787 0.117 0.105 0.105
0 0.891 0.106 0.102 0.1
0 0.468 0.337 0.088 0.088
0 0.4 0.384 0.098 0.1
0 0.227 0.096 0.094 0.094
0 0.288 0.04 0.096 0.08
0 0.058 0.581 0.092 0.092
0 0.256 0.506 0.09 0.09
0 0.514 0.602 0.109 0.109
0 0.396 0.525 0.094 0.094
0 0.298 0.632 0.096 0.096
0 0.125 0.652 0.09 0.09
0 0.146 0.793 0.086 0.086
0 0.374 0.88 0.092 0.092
0 0.322 0.953 0.086 0.086
0 0.894 0.236 0.096 0.094
0 0.757 0.524 0.088 0.088
0 0.594 0.867 0.105 0.105
0 0.528 0.91 0.088 0.086
0 0.642 0.688 0.08 0.082
0 0.585 0.729 0.092 0.092
0 0.958 0.355 0.084 0.098
0 0.152 0.961 0.098 0.078
0 0.868 0.963 0.096 0.074
0 0.83 0.642 0.102 0.1
0 0.792 0.806 0.088 0.088
0 0.681 0.827 0.096 0.096
0 0.436 0.646 0.098 0.098
0 0.663 0.479 0.068 0.07
0 0.343 0.432 0.088 0.09
0 0.462 0.171 0.08 0.08
0 0.262 0.351 0.098 0.1
0 0.457 0.785 0.082 0.082
