0 0.474 0.899 0.111 0.111
0 0.822 0.471 0.094 0.094
0 0.667 0.654 0.107 0.109
0 0.799 0.709 0.109 0.109
0 0.861 0.615 0.102 0.102
0 0.922 0.51 0.102 0.102
0 0.67 0.877 0.09 0.09
0 0.596 0.957 0.094 0.086
0 0.841 0.049 0.08 0.082
0 0.724 0.234 0.104 0.102
0 0.372 0.55 0.08 0.08
0 0.97 0.224 0.061 0.092
0 0.932 0.307 0.086 0.086
0 0.782 0.336 0.088 0.086
0 0.865 0.208 0.082 0.08
0 0.941 0.106 0.09 0.088
0 0.299 0.164 0.109 0.109
0 0.407 0.046 0.096 0.092
0 0.241 0.035 0.084 0.07
0 0.854 0.852 0.086 0.086
0 0.803 0.936 0.086 0.086
0 0.953 0.965 0.094 0.07
